Navadeep 1 it 2023 12 12 15 15 54
Jayanth 2 it 2023 10 10 10 10 40
Akhil  3 it 2023 05 10 05 10 30
Prashanth 4 it 2023 15 10 10 10 45
Ruthvik 5 it 2023 05 10 10 05 30
sravya 6 it 2023 10 10 10 10 40
Rohit 7 it 2023 10 10 10 10 40
Aakansha 8 it 2023 08 08 08 08 32 
Rajayalaxmi  9 it 2023 11 11 11 11 44 
Sreekesh 10 it 2023 02 02 02 02 08
Tejaswini 11 it 2023 01 01 10 15 27 
Detained 12 it 2023 03 03 03 03 12
Chaitanya 13 it 2023 04 04 04 04 16
Madhumathi 14 it 2023 05 05 15 15 40
Prashanth 15 it 2023 06 06 06 06 24
Pranay 16 it 2023 07 07 07 07 28
Vaishnavi 17 it 2023 08 08 08 08 32 
Harshavardhan 18 it 2023 09 09 09 09 36
Shivaram 19 it 2023 10 10 10 10 40 
Kamalakar 20 it 2023 11 11 11 11 44 
Jitesh 21 it 2023 12 12 12 12 48 
Varshith 22 it 2023 01 01 10 15 27
Nitesh 23 it 2023 02 02 02 02 08
Rahul 24 it 2023 03 03 03 03 12
Sumitra 25 it 2023 04 04 04 04 16
sheshu 26 it 2023 05 05 05 05 20
sankeerthana 27 it 2023 06 06 06 06 24
Preethi 28 it 2023 07 07 07 07 28
Manoj 29 it 2023 08 08 08 08 32
Mithra 30 it 2023 09 09 09 09 36
Advith 31 it 2023 10 10 10 10 40 
karunya 32 it 2023 11 11 11 11 44 
Mekhla 33 it 2023 12 12 12 12 48 
Muneeb 34 it 2023 01 01 15 10 27
Harshavardhan 35 it 2023 02 02 02 02 08
Rupesh 36 it 2023 03 03 03 03 12
N.varshith 37 it 2023 04 04 04 04 16
saiteja 38 it 2023 05 05 05 05 20
Detained 39 it 2023 06 06 06 06 24
Akshainie 40 it 2023 07 07 07 07 28
Krishna 41 it 2023 08 08 08 08 32 
srujana 42 it 2023 09 09 09 09 36
vaishnavi 43 it 2023 10 10 10 10 40 
Varun 44 it 2023 11 11 11 11 44 
Rishitha 45 it 2023 12 12 12 12 48
Vineel  46 it 2023 08 08 08 08 32
Keerthi 47 it 2023 02 02 02 02 08
Subhash 48 it 2023 03 03 03 03 12
Himaja 49 it 2023 04 04 04 04 16
Akith 50 it 2023 05 05 05 05 20
Vishnu 51 it 2023 06 06 06 06 24
Ayeshwari 52 it 2023 07 07 07 07 28
prasad 53 it 2023 08 08 08 08 32
Srivalli 54 it 2023 09 09 09 09 36
Varshitha 55 it 2023 10 10 10 10 40 
karthik 56 it 2023 11 11 11 11 44
Y.karthik 57 it 2023 12 12 12 12 48
Praharsh 58 it 2023 10 10 05 05 30
Akitha 59 it 2023 02 02 02 02 08
Bharath 60 it 2023 03 03 03 03 12
Harshini 61 it 2023 04 04 04 04 16
Raju 62 it 2023 05 05 05 05 20
Nandhini 63 it 2023 06 06 06 06 24
paul 64 it 2023 07 07 07 07 28
Spoorthi 65 it 2023 08 08 08 08 32
Divija 66 it 2023 09 09 09 09 36